version: 1
creator: xdebug 3.3.0 (PHP 8.3.1)
cmd: /Users/matej/IdeaProjects/untitled/profile.php
part: 1
positions: line

events: Time_(10ns) Memory_(bytes)

fl=(1) php:internal
fn=(1) php::time
4 372 0

fl=(1)
fn=(1)
7 24 0

fl=(1)
fn=(2) php::usleep
13 10325300 0

fl=(1)
fn=(1)
7 86 0

fl=(1)
fn=(2)
13 10384514 0

fl=(1)
fn=(1)
7 205 0

fl=(1)
fn=(2)
13 10518613 0

fl=(1)
fn=(1)
7 85 0

fl=(1)
fn=(2)
13 10499236 0

fl=(1)
fn=(1)
7 91 0

fl=(1)
fn=(2)
13 10027057 0

fl=(1)
fn=(1)
7 82 0

fl=(1)
fn=(2)
13 10067443 0

fl=(1)
fn=(1)
7 175 0

fl=(1)
fn=(2)
13 10508386 0

fl=(1)
fn=(1)
7 93 0

fl=(1)
fn=(2)
13 10326686 0

fl=(1)
fn=(1)
7 98 0

fl=(1)
fn=(2)
13 10213728 0

fl=(1)
fn=(1)
7 84 0

fl=(1)
fn=(2)
13 10499338 0

fl=(1)
fn=(1)
7 87 0

fl=(1)
fn=(2)
13 10361181 0

fl=(1)
fn=(1)
7 81 0

fl=(1)
fn=(2)
13 10499786 0

fl=(1)
fn=(1)
7 183 0

fl=(1)
fn=(2)
13 10497320 0

fl=(1)
fn=(1)
7 75 0

fl=(1)
fn=(2)
13 10364061 0

fl=(1)
fn=(1)
7 263 0

fl=(1)
fn=(2)
13 10091865 0

fl=(1)
fn=(1)
7 98 0

fl=(1)
fn=(2)
13 10149498 0

fl=(1)
fn=(1)
7 73 0

fl=(1)
fn=(2)
13 10474351 0

fl=(1)
fn=(1)
7 142 0

fl=(1)
fn=(2)
13 10212079 0

fl=(1)
fn=(1)
7 70 0

fl=(1)
fn=(2)
13 10207037 0

fl=(1)
fn=(1)
7 136 0

fl=(1)
fn=(2)
13 10451023 0

fl=(1)
fn=(1)
7 80 0

fl=(1)
fn=(2)
13 10106696 0

fl=(1)
fn=(1)
7 81 0

fl=(1)
fn=(2)
13 10207578 0

fl=(1)
fn=(1)
7 93 0

fl=(1)
fn=(2)
13 10381526 0

fl=(1)
fn=(1)
7 99 0

fl=(1)
fn=(2)
13 10467362 0

fl=(1)
fn=(1)
7 70 0

fl=(1)
fn=(2)
13 10484932 0

fl=(1)
fn=(1)
7 76 0

fl=(1)
fn=(2)
13 10365509 0

fl=(1)
fn=(1)
7 134 0

fl=(1)
fn=(2)
13 10417620 0

fl=(1)
fn=(1)
7 69 0

fl=(1)
fn=(2)
13 10514666 0

fl=(1)
fn=(1)
7 126 0

fl=(1)
fn=(2)
13 10406688 0

fl=(1)
fn=(1)
7 191 0

fl=(1)
fn=(2)
13 10111477 0

fl=(1)
fn=(1)
7 158 0

fl=(1)
fn=(2)
13 10377601 0

fl=(1)
fn=(1)
7 134 0

fl=(1)
fn=(2)
13 10442018 0

fl=(1)
fn=(1)
7 80 0

fl=(1)
fn=(2)
13 10470051 0

fl=(1)
fn=(1)
7 92 0

fl=(1)
fn=(2)
13 10252000 0

fl=(1)
fn=(1)
7 77 0

fl=(1)
fn=(2)
13 10312195 0

fl=(1)
fn=(1)
7 122 0

fl=(1)
fn=(2)
13 10091981 0

fl=(1)
fn=(1)
7 215 0

fl=(1)
fn=(2)
13 10206683 0

fl=(1)
fn=(1)
7 132 0

fl=(1)
fn=(2)
13 10107038 0

fl=(1)
fn=(1)
7 71 0

fl=(1)
fn=(2)
13 10490672 0

fl=(1)
fn=(1)
7 115 0

fl=(1)
fn=(2)
13 10483034 0

fl=(1)
fn=(1)
7 101 0

fl=(1)
fn=(2)
13 10389225 0

fl=(1)
fn=(1)
7 123 0

fl=(1)
fn=(2)
13 10168060 0

fl=(1)
fn=(1)
7 185 0

fl=(1)
fn=(2)
13 10093825 0

fl=(1)
fn=(1)
7 143 0

fl=(1)
fn=(2)
13 10225943 0

fl=(1)
fn=(1)
7 71 0

fl=(1)
fn=(2)
13 10496853 0

fl=(1)
fn=(1)
7 133 0

fl=(1)
fn=(2)
13 10133624 0

fl=(1)
fn=(1)
7 144 0

fl=(1)
fn=(2)
13 10387917 0

fl=(1)
fn=(1)
7 95 0

fl=(1)
fn=(2)
13 10376898 0

fl=(1)
fn=(1)
7 88 0

fl=(1)
fn=(2)
13 10380912 0

fl=(1)
fn=(1)
7 97 0

fl=(1)
fn=(2)
13 10291920 0

fl=(1)
fn=(1)
7 104 0

fl=(1)
fn=(2)
13 10273216 0

fl=(1)
fn=(1)
7 221 0

fl=(1)
fn=(2)
13 10376240 0

fl=(1)
fn=(1)
7 94 0

fl=(1)
fn=(2)
13 10359763 0

fl=(1)
fn=(1)
7 139 0

fl=(1)
fn=(2)
13 10157226 0

fl=(1)
fn=(1)
7 87 0

fl=(1)
fn=(2)
13 10123296 0

fl=(1)
fn=(1)
7 118 0

fl=(1)
fn=(2)
13 10457396 0

fl=(1)
fn=(1)
7 92 0

fl=(1)
fn=(2)
13 10126138 0

fl=(1)
fn=(1)
7 90 0

fl=(1)
fn=(2)
13 10241390 0

fl=(1)
fn=(1)
7 106 0

fl=(1)
fn=(2)
13 10508613 0

fl=(1)
fn=(1)
7 196 0

fl=(1)
fn=(2)
13 10380573 0

fl=(1)
fn=(1)
7 78 0

fl=(1)
fn=(2)
13 10398745 0

fl=(1)
fn=(1)
7 73 0

fl=(1)
fn=(2)
13 10181495 0

fl=(1)
fn=(1)
7 86 0

fl=(1)
fn=(2)
13 10436511 0

fl=(1)
fn=(1)
7 183 0

fl=(1)
fn=(2)
13 10258777 0

fl=(1)
fn=(1)
7 82 0

fl=(1)
fn=(2)
13 10384210 0

fl=(1)
fn=(1)
7 96 0

fl=(1)
fn=(2)
13 10499505 0

fl=(1)
fn=(1)
7 111 0

fl=(1)
fn=(2)
13 10227997 0

fl=(1)
fn=(1)
7 74 0

fl=(1)
fn=(2)
13 10349778 0

fl=(1)
fn=(1)
7 96 0

fl=(1)
fn=(2)
13 10147411 0

fl=(1)
fn=(1)
7 88 0

fl=(1)
fn=(2)
13 10157554 0

fl=(1)
fn=(1)
7 87 0

fl=(1)
fn=(2)
13 10289331 0

fl=(1)
fn=(1)
7 71 0

fl=(1)
fn=(2)
13 10487030 0

fl=(1)
fn=(1)
7 76 0

fl=(1)
fn=(2)
13 10387832 0

fl=(1)
fn=(1)
7 85 0

fl=(1)
fn=(2)
13 10351748 0

fl=(1)
fn=(1)
7 135 0

fl=(1)
fn=(2)
13 10455910 0

fl=(1)
fn=(1)
7 79 0

fl=(1)
fn=(2)
13 10362027 0

fl=(1)
fn=(1)
7 74 0

fl=(1)
fn=(2)
13 10449755 0

fl=(1)
fn=(1)
7 75 0

fl=(1)
fn=(2)
13 10344414 0

fl=(1)
fn=(1)
7 118 0

fl=(1)
